29
English Reading I(ABEEK)
서지영
00054
2
0
2
15001615
09001015
0
0
1111
2

English Reading I(ABEEK)
박태미
00054
2
0
2
15001615
09001015
0
0
1111
2

선형대수
김준호
01557
2
1
3
13301445
13301445
0
8
1111
3

선형대수
박주미
01557
2
1
3
13301445
13301445
0
8
1111
3

객체지향프로그래밍
이경용
01568
2
1
3
15001650
15001650
0
9
1000
3

객체지향프로그래밍
한재일
01568
2
0
2
10001150
13001450
0
9
1000
3

객체지향프로그래밍
한재일
01568
2
0
2
13001450
15001650
0
9
1000
3

객체지향프로그래밍
김영만
01568
2
0
2
10001150
13001450
0
9
1111
3

객체지향프로그래밍
김영만
01568
2
0
2
13001450
15001650
0
9
1111
3

공학수학
김광중
05330
2
2
4
10301145
16301745
0
7
1111
3

공학수학
김현미
05330
2
2
4
10301145
16301745
0
7
1111
3

공학설계입문
한재일
05920
1
0
16301915
0
9
1111
3

공학설계입문
김상철
05920
1
0
16301915
0
9
1111
3

공학설계입문
김상철
05920
1
3
9001145
0
9
1111
3

공학설계입문
최진우
05920
1
4
13301615
0
9
1111
3

인생설계와진로
이현기
05228
1
1
9001050
0
6
1000
2

인생설계와진로
이은호
05228
1
1
9001050
0
6
1000
2

인생설계와진로
함선욱
05228
1
1
11001250
0
6
1000
2

시스템소프트웨어
허대영
01560
2
3
4
16301745
13301445
0
9
111
3

응용통계학
윤상민
01562
2
1
3
12001315
9001015
0
8
111
3

응용통계학
윤상민
01562
2
1
3
13301445
13301445
0
8
111
3

이산수학
우종우
01563
2
0
2
10301145
10301145
0
8
111
3

이산수학
우종우
01563
2
0
2
12001315
12001315
0
8
111
3

컴퓨터구조
임은진
01570
2
0
2
12001315
12001315
0
9
111
3

컴퓨터구조
임은진
01570
2
0
2
13301445
13301445
0
9
111
3

화일처리
김혁만
01575
2
0
4
9001015
9001015
0
9
111
3

화일처리
김혁만
01575
2
0
4
10301145
10301145
0
9
111
3

모바일프로그래밍
임성수
03357
2
1
3
15001615
15001615
0
9
111
3

오픈소스소프트웨어
이경용
11438
2
0
2
15001650
15001650
0
9
111
3

오픈소스소프트웨어
이경용
11438
2
1
3
10001150
10001150
0
9
111
3


































































































